1960 146.88720984409775 146.3
1960 130.1367865156419 106.0
1960 116.93224411766802 102.2
1960 119.86934189965243 122.0
1960 113.06901780862239 119.6
1960 112.50650231584031 110.2
1960 106.5424156061377 121.7
1960 109.7731667273292 134.1
1960 128.57231337628215 127.2
1960 114.78712393765828 82.8
1960 109.33934222544246 89.6
1960 82.06365641363149 85.6
1961 71.01763327989056 57.9
1961 61.53410840423849 46.1
1961 57.5743520478351 53.0
1961 63.82261653416932 61.4
1961 60.42123687757905 51.0
1961 73.92183276322076 77.4
1961 68.81713535339419 70.2
1961 51.145311844999206 55.8
1961 68.8741604363802 63.6
1961 56.705080345429685 37.7
1961 47.76257965955564 32.6
1961 42.45617883992811 39.9
1962 47.66874371375452 38.7
1962 41.21478863439907 50.3
1962 51.30101408039306 45.6
1962 47.37428913888273 46.4
1962 40.00193478054019 43.7
1962 44.43635940448411 42.0
1962 38.499900448643814 21.8
1962 27.712252160462157 21.8
1962 31.888220687792042 51.3
1962 46.48000127207585 39.5
1962 38.951151968023986 26.9
1962 33.25267045905396 23.2
1963 25.461573484685275 19.8
1963 23.455414157510283 24.4
1963 26.406599396414848 17.1
1963 19.844210067116432 29.3
1963 26.043546881254283 43.0
1963 35.008327744304374 35.9
1963 30.824378957022066 19.6
1963 24.806766231425776 33.2
1963 32.44498631395138 38.8
1963 38.25681980377862 35.3
1963 37.514889876750736 23.4
1963 28.43930568944581 14.9
1964 22.49894097511626 15.3
1964 20.38286533119178 17.7
1964 16.619148365973363 16.5
1964 16.366094337255618 8.6
1964 10.489093114313658 9.5
1964 9.573789264345653 9.1
1964 8.609991603389883 3.1
1964 4.849825234967661 9.3
1964 6.40614852583775 4.7
1964 6.400288267417582 6.1
1964 6.858362845480723 7.4
1964 7.86715230037218 15.1
1965 7.959944857380689 17.5
1965 11.80424333027295 14.3
1965 12.553350937664987 11.7
1965 12.999197581443386 6.8
1965 10.519063021052213 24.1
1965 21.947651573365498 15.9
1965 15.423957378962486 11.9
1965 16.699836924447933 8.9
1965 12.662846988452115 16.8
1965 16.75076549541044 20.1
1965 20.23682764084201 15.8
1965 16.32671571575476 17.0
1966 18.067532732658258 28.2
1966 25.20167026650936 24.4
1966 24.826733670116738 25.3
1966 22.35903281212826 48.7
1966 35.64821984272357 45.3
1966 42.492862250794204 47.7
1966 47.31035271176667 56.7
1966 54.082745747031275 51.2
1966 52.07858712434824 50.2
1966 55.67451496240074 57.2
1966 59.35774832770352 57.2
1966 60.87568068808385 70.4
1967 71.13260967681616 110.9
1967 91.79492168060483 93.6
1967 98.04420732566969 111.8
1967 97.61848564035553 69.5
1967 98.51865497440599 86.5
1967 81.24515324236712 67.3
1967 86.95803201650764 91.5
1967 86.25155674156747 107.2
1967 97.59492935168684 76.8
1967 81.12279512304299 88.2
1967 90.09459811961067 94.3
1967 108.80619698353041 126.4
1968 105.1126514915864 121.8
1968 123.56124838676185 111.9
1968 78.92800197007936 92.2
1968 102.20512544101483 81.2
1968 104.62828699934343 127.2
1968 113.14523502371809 110.3
1968 75.77517305672237 96.1
1968 94.48000441882465 109.3
1968 119.27623468734306 117.2
1968 118.05317900028052 107.7
1968 94.46252408076985 86.0
1968 103.85449205735898 109.8
1969 85.711221043485 104.4
1969 106.90808258489649 120.5
1969 103.91560167279013 135.8
1969 124.33992489007734 106.8
1969 128.8640542667379 120.0
1969 105.9947171936866 106.0
1969 108.29770554955122 96.8
1969 102.38145067482404 98.0
1969 91.1517215461564 91.3
1969 79.3830338082254 95.7
1969 73.4486753698789 93.5
1969 91.96928057948703 97.9
1970 122.64369968151208 111.5
1970 127.20455374328078 127.8
1970 124.56080045338751 102.9
1970 88.79491671572707 109.5
1970 110.96635389514948 127.5
1970 112.89070056673583 106.8
1970 113.53153340458014 112.5
1970 108.22254724877786 93.0
1970 104.20843346083849 99.5
1970 89.56851271049587 86.6
1970 84.04050850975702 95.2
1970 102.10398174552162 83.5
1971 82.4303727745448 91.3
1971 83.31162175666272 79.0
1971 81.13587533548164 60.7
1971 67.46050858995038 71.8
1971 72.18701825067286 57.5
1971 62.49622395731771 49.8
1971 58.78602383532284 81.0
1971 62.136236526738905 61.4
1971 65.02233063545121 50.2
1971 59.03142952224182 51.7
1971 53.25752851450338 63.2
1971 56.39412041465216 82.2
1972 63.58862521107737 61.5
1972 62.8371351611176 88.4
1972 80.94608067767139 80.1
1972 76.06457197590787 63.2
1972 63.44681701356896 80.5
1972 81.77745181682356 88.0
1972 66.52456977072899 76.5
1972 83.10326028947878 76.8
1972 83.42403149932076 64.0
1972 69.16767312307294 61.3
1972 57.802150065587576 41.6
1972 51.38572321224555 45.3
1973 51.26571156129195 43.4
1973 44.33519381362762 42.9
1973 49.85139780639562 46.0
1973 47.984691714903796 57.7
1973 48.81066298544518 42.4
1973 47.26629229350433 39.5
1973 39.52861707938173 23.1
1973 31.57016029603298 25.6
1973 32.963545853857916 59.3
1973 49.20906066108012 30.7
1973 32.48093625433964 23.9
1973 31.13304220077509 23.3
1974 32.650115986300335 27.6
1974 27.137361720309514 26.0
1974 29.722643782459958 21.3
1974 23.102358629624597 40.3
1974 34.94085703107675 39.5
1974 38.09963508807168 36.0
1974 41.23324422390572 55.8
1974 45.16198994958945 33.6
1974 40.897758013069755 40.2
1974 34.496581800899406 47.1
1974 53.1857748873882 25.0
1974 33.618390194500236 20.5
1975 28.035782960949135 18.9
1975 26.735014597849553 11.5
1975 17.189949490249457 11.5
1975 14.457712591643295 5.1
1975 10.768941148248501 9.0
1975 10.998189944982238 11.4
1975 9.303996455402876 28.2
1975 13.431106298200847 39.7
1975 20.59804853369146 13.9
1975 13.391601994055916 9.1
1975 16.788225622308712 19.4
1975 18.42442686636463 7.8
1976 14.414686955939318 8.1
1976 14.15385900652821 4.3
1976 6.810934417731991 21.9
1976 16.755684870889215 18.8
1976 13.553035369995658 12.4
1976 13.653549345585901 12.2
1976 6.921621392242473 1.9
1976 7.3281854361140475 16.4
1976 13.242676278689089 13.5
1976 8.93650405588217 20.6
1976 14.594806131607985 5.2
1976 8.493993905749328 15.3
1977 14.488667060255127 16.4
1977 11.031699660160715 23.1
1977 19.568933631882793 8.7
1977 12.510484388598051 12.9
1977 15.604576353727147 18.6
1977 17.8454382349863 38.5
1977 30.43032301640571 21.4
1977 22.302127629894894 30.1
1977 27.583097353471157 44.0
1977 35.70740603370877 43.8
1977 43.2017780344438 29.1
1977 34.79467748184509 43.2
1978 42.92552007147198 51.9
1978 51.21029760574835 93.6
1978 71.63740927278963 76.5
1978 77.18924091716202 99.7
1978 90.81892039174917 82.7
1978 104.13556453818376 95.1
1978 87.61779163860075 70.4
1978 78.0646276441206 58.1
1978 79.28939591093987 138.2
1978 126.06598467286622 125.1
1978 108.74451961457132 97.9
1978 120.76099572104911 122.7
1979 144.40171582465507 166.6
1979 126.10373720608509 137.5
1979 160.50106031977148 138.0
1979 120.59737107625388 101.5
1979 116.73239185662035 134.4
1979 149.55518226178137 149.5
1979 154.13733351988526 159.4
1979 144.67879481475322 142.2
1979 159.56069743699612 188.4
1979 171.67532081628346 186.2
1979 201.95349338829328 183.3
1979 174.71477292287054 176.3